&test4Tung
zet1=0.6401217
zet2=0.6401217
R1=-0.7
R2=0.7
l1=0
l2=0
v1=1
v2=0
dlt=0
alpha=0.0
Anl=0
/




